3019.0705400997913,3392.9200658769764
3694.512960621597,4071.5040790523717,4948.008429403924,5808.804816487527,6939.778171779853
2290.221044466959
1451.4158059584845,4071.5040790523717,4765.796055495715,4894.601354292898,6647.610054996002
2384.468824074653,4536.459791783661,6939.778171779853
3553.141291210056
1979.2033717615695,5281.017250684442
6082.12337734984
2576.1059759436303
2827.4333882308138,4486.194309326225,5145.928766580081,6126.105674500097,7542.9639612690935
1256.6370614359173,3078.7608005179973,4335.397861953914,5541.769440932395
1727.875959474386,3317.5218421908216,3631.681107549801,5541.769440932395
1256.6370614359173,1256.6370614359173,2290.221044466959,2865.132500073891,5808.804816487527
2290.221044466959,3421.194399759285,3848.4510006474966,4090.3536349739106,4536.459791783661
2290.221044466959,3019.0705400997913
2290.221044466959,6361.725123519331
1385.4423602330987,3543.7165132492864,5387.831400906495,7542.9639612690935
2488.1413816431163,3992.964262712627,4772.079240802896,7225.663103256525
2324.7785636564467,4071.5040790523717,4699.822609770331,6773.273761139593
2463.0086404143976,3107.035134400305,7238.229473870883,7542.9639612690935
2186.548486898496,3408.628029144925,4429.6456415616085,6597.344572538565,7068.583470577035
3421.194399759285,4046.3713378236534,4561.59253301238,5281.017250684442,5610.884479311371
1661.9025137490005,2642.079421669016,3006.504169485432,4071.5040790523717
1809.5573684677208,3019.0705400997913,5541.769440932396,5695.7074809582955
1256.6370614359173,1520.53084433746,4281.990786842888,5026.548245743669
2042.0352248333656
1661.9025137490005,1947.7874452256717,2528.9820861397834,2940.5307237600464,3421.194399759285
6082.12337734984
2642.079421669016,2764.601535159018
3735.3536651182635,3848.4510006474966,4536.459791783661
3166.7253948185116
1385.4423602330987,3138.4510609362032
1809.5573684677208,2670.3537555513244,2940.5307237600464,3254.6899891190255,4536.459791783661
2463.0086404143976,4146.9023027385265,6939.778171779853,7382.7427359360145
5127.079210658543,5673.716332383166,6053.849043467531,6201.503898186252,6220.35345410779
2290.221044466959,2290.221044466959,2642.079421669016,3019.0705400997913,6361.725123519331
1809.5573684677208,4479.911124019045,5281.017250684442,5673.716332383166
1385.4423602330987,2419.0263432641405,5183.627878423159,5808.804816487527
1520.53084433746
1661.9025137490005,3019.0705400997913
2670.3537555513244,3019.0705400997913,4322.831491339555,5808.804816487527,7853.981633974483
3848.4510006474966,4555.3093477052,5315.57476987393
1809.5573684677208,3631.681107549801,4712.38898038469
2123.7166338267,3392.9200658769764
2290.221044466959,2642.079421669016,2905.9732045705587
1385.4423602330987,4335.397861953914
2239.9555620095225,2814.8670176164546,4043.229745170064,4765.796055495716,4778.362426110075
1589.6458827164352,2167.698930976957,2833.716573537993,3110.1767270538953,5281.017250684442
2290.221044466959
1256.6370614359173,1520.53084433746,2764.6015351590177,3958.406743523139,4869.468613064179
1715.3095888600271,2095.442299944392,5026.548245743669,7542.9639612690935
2642.079421669016,2915.397982531328
5013.98187512931,7238.229473870883
1963.4954084936207,4423.362456254428,4536.459791783661,7225.663103256524
3593.981995706724,4090.3536349739106,6939.778171779853
3628.539514896211,4190.884599888785,6333.450789637023,6361.725123519331,7542.9639612690935
1696.4600329384882
2827.4333882308138,2984.5130209103036,3179.2917654328703,5372.1234376385455,7235.087881217293
5541.769440932395
3719.645701850315,4523.893421169302,5127.079210658542,6361.725123519331
1583.3626974092558,3581.415625092364,3631.681107549801,6647.610054996002
2532.1236787933735,3317.5218421908216
1661.9025137490005,2023.1856689118267,2642.079421669016,3019.0705400997913
2368.7608608067044,2890.2652413026094,4165.751858660066,5541.769440932395,5808.804816487527
3631.681107549801,6465.397681087794
1520.53084433746,2591.8139392115795,5541.769440932395
5541.769440932395,7068.583470577035
1520.53084433746,1661.9025137490005,2532.1236787933735,6647.610054996002
2642.079421669016,3631.681107549801
1661.9025137490005
4335.397861953914,5808.804816487527,7225.663103256524
1256.6370614359173,6361.725123519331
7542.963961269093
3848.4510006474966,6647.610054996002
2459.867047760808,3216.990877275948,4536.459791783661
1385.4423602330987,2261.946710584651,4300.840342764427
1570.7963267948967,2290.221044466959,2890.26524130261,3631.681107549801,4486.194309326225
1661.9025137490005,2968.8050576423543,3015.928947446201,7853.981633974483
2123.7166338267,2642.079421669016
3421.194399759285,5281.017250684442,5281.017250684442
1809.5573684677208,2638.9378290154264,3848.4510006474966,4071.5040790523717,5281.017250684442
7853.981633974483
3647.3890708177496,4002.3890406733963,4561.592533012379
2205.398042820035,2239.9555620095225
5403.539364174444
2261.9467105846506,3820.176666765188,4046.3713378236534,4241.15008234622,4410.79608564007
1963.4954084936207
4068.362486398782,4536.459791783661,6082.12337734984,7542.9639612690935
3603.4067736674924,3606.548366321082,5145.928766580081
3179.2917654328703,4778.362426110075,6082.12337734984
2670.3537555513244
1256.6370614359173,2450.442269800039,3691.3713679680072,7542.9639612690935
2532.123678793373,4071.5040790523717,7238.229473870883
3540.5749205956968,4926.017280828795
1661.9025137490005,1727.875959474386,2902.831611916969,3216.990877275948
1256.6370614359173,2261.946710584651,3019.0705400997913,3691.3713679680072,7238.229473870883
3462.035104255952,6754.424205218055,7542.9639612690935,7853.981633974483
1520.53084433746,2004.3361129902878,4322.831491339555,6927.211801165493
3848.4510006474966,4046.3713378236534
1661.9025137490005,2243.0971546631126,3185.57495074005,3216.990877275948,5372.123437638546
